1 0.032031 0.112500 0.029688 0.028125
1 0.117188 0.103125 0.025000 0.025000
1 0.167188 0.105469 0.021875 0.026563
1 0.256250 0.099219 0.025000 0.026563
1 0.284375 0.095313 0.018750 0.021875
1 0.306250 0.093750 0.018750 0.025000
1 0.327344 0.070312 0.020313 0.015625
1 0.321094 0.115625 0.023438 0.025000
1 0.361719 0.144531 0.035938 0.035938
0 0.421875 0.086719 0.028125 0.029688
1 0.434375 0.153125 0.037500 0.043750
1 0.507031 0.076563 0.023438 0.025000
1 0.502344 0.142187 0.032813 0.028125
1 0.575000 0.185938 0.050000 0.056250
0 0.542188 0.173438 0.021875 0.031250
