1 0.016406 0.057813 0.026563 0.028125
1 0.053125 0.074219 0.034375 0.035938
0 0.063281 0.127344 0.032813 0.032813
1 0.030469 0.301563 0.048438 0.050000
1 0.164062 0.038281 0.037500 0.029688
1 0.172656 0.135938 0.035938 0.040625
2 0.105469 0.229688 0.035938 0.046875
1 0.078906 0.261719 0.045313 0.048438
1 0.236719 0.321875 0.042188 0.046875
1 0.305469 0.038281 0.042188 0.035938
1 0.313281 0.105469 0.039062 0.039062
1 0.324219 0.245313 0.035938 0.034375
1 0.356250 0.278906 0.046875 0.045313
1 0.414062 0.037500 0.037500 0.034375
1 0.401563 0.133594 0.034375 0.039062
1 0.468750 0.037500 0.043750 0.043750
1 0.516406 0.012500 0.032813 0.021875
1 0.560156 0.071094 0.042188 0.035938
1 0.582813 0.200781 0.046875 0.039062
