1 0.021094 0.107031 0.020313 0.029688
1 0.071094 0.098438 0.029688 0.031250
1 0.162500 0.218750 0.021875 0.021875
1 0.191406 0.154688 0.023438 0.028125
1 0.218750 0.128125 0.021875 0.021875
1 0.261719 0.144531 0.026563 0.023438
1 0.291406 0.143750 0.020313 0.018750
1 0.357031 0.133594 0.020313 0.023438
1 0.398438 0.138281 0.021875 0.023438
1 0.451563 0.117188 0.021875 0.021875
0 0.138281 0.119531 0.023438 0.026563
0 0.196094 0.124219 0.017188 0.017188
0 0.332813 0.137500 0.018750 0.025000
0 0.246875 0.130469 0.021875 0.023438
