0 0.085938 0.156250 0.040625 0.037500
0 0.089844 0.107031 0.035938 0.029688
1 0.135938 0.100000 0.031250 0.025000
0 0.172656 0.121875 0.029688 0.028125
1 0.192188 0.094531 0.028125 0.029688
0 0.147656 0.070312 0.032813 0.034375
1 0.081250 0.221094 0.031250 0.051563
0 0.121875 0.241406 0.046875 0.051563
0 0.165625 0.280469 0.046875 0.054688
1 0.232031 0.307813 0.060938 0.065625
1 0.232813 0.182031 0.040625 0.045313
1 0.232031 0.123438 0.039062 0.031250
0 0.230469 0.063281 0.023438 0.023438
1 0.289844 0.067187 0.026563 0.034375
1 0.278125 0.086719 0.018750 0.029688
1 0.319531 0.066406 0.026563 0.029688
0 0.357813 0.048438 0.025000 0.028125
0 0.388281 0.074219 0.039062 0.039062
1 0.290625 0.159375 0.034375 0.037500
1 0.285938 0.221094 0.040625 0.035938
1 0.352344 0.180469 0.039062 0.045313
0 0.302344 0.282813 0.026563 0.037500
0 0.271094 0.296094 0.026563 0.054688
1 0.385938 0.319531 0.056250 0.057813
1 0.403125 0.198438 0.043750 0.043750
1 0.439844 0.278125 0.032813 0.053125
1 0.425000 0.144531 0.031250 0.032813
1 0.474219 0.186719 0.035938 0.039062
0 0.425000 0.043750 0.031250 0.031250
0 0.423438 0.085938 0.025000 0.021875
0 0.454688 0.053906 0.028125 0.026563
1 0.512500 0.042188 0.021875 0.028125
0 0.476562 0.090625 0.028125 0.028125
1 0.525000 0.179688 0.043750 0.028125
0 0.557813 0.262500 0.050000 0.043750
