1 0.068750 0.189844 0.050000 0.057813
1 0.043750 0.087500 0.040625 0.046875
1 0.086719 0.039844 0.035938 0.048438
1 0.142187 0.166406 0.040625 0.054688
1 0.104688 0.132812 0.034375 0.043750
1 0.209375 0.192969 0.037500 0.064063
1 0.171875 0.302344 0.059375 0.039062
1 0.268750 0.290625 0.068750 0.062500
1 0.264063 0.117188 0.043750 0.056250
1 0.214844 0.079688 0.039062 0.046875
1 0.342188 0.123438 0.037500 0.046875
1 0.363281 0.253906 0.051563 0.051563
1 0.394531 0.189844 0.039062 0.057813
1 0.379688 0.106250 0.040625 0.053125
1 0.415625 0.042188 0.034375 0.043750
0 0.336719 0.031250 0.029688 0.031250
1 0.480469 0.135938 0.035938 0.046875
1 0.506250 0.220313 0.056250 0.065625
1 0.538281 0.210938 0.035938 0.050000
1 0.604688 0.148438 0.043750 0.059375
1 0.580469 0.066406 0.039062 0.048438
1 0.591406 0.019531 0.032813 0.029688
1 0.532031 0.117969 0.042188 0.045313
1 0.610156 0.287500 0.029688 0.068750
