1 0.418750 0.300781 0.075000 0.085938
1 0.502344 0.255469 0.082813 0.089063
1 0.589063 0.207813 0.037500 0.046875
1 0.517969 0.117969 0.042188 0.039062
1 0.582031 0.101562 0.020313 0.031250
1 0.429688 0.166406 0.050000 0.051563
1 0.395313 0.090625 0.028125 0.034375
1 0.352344 0.206250 0.045313 0.050000
1 0.230469 0.208594 0.045313 0.054688
1 0.318750 0.166406 0.037500 0.035938
1 0.157813 0.192188 0.037500 0.034375
1 0.074219 0.240625 0.045313 0.053125
1 0.032813 0.174219 0.034375 0.035938
1 0.150781 0.102344 0.035938 0.032813
1 0.224219 0.078125 0.032813 0.034375
1 0.300000 0.100000 0.018750 0.025000
1 0.333594 0.117188 0.020313 0.028125
1 0.089844 0.079688 0.035938 0.034375
