1 0.250000 0.089844 0.043750 0.045313
1 0.338281 0.139844 0.035938 0.039062
1 0.182031 0.313281 0.082813 0.076563
1 0.336719 0.328906 0.076563 0.045313
1 0.525781 0.071875 0.035938 0.037500
1 0.404688 0.055469 0.040625 0.035938
1 0.454688 0.057031 0.037500 0.045313
1 0.321875 0.089844 0.040625 0.045313
1 0.331250 0.017969 0.015625 0.026563
1 0.256250 0.032031 0.028125 0.029688
1 0.170313 0.012500 0.018750 0.021875
1 0.100000 0.032031 0.028125 0.026563
1 0.032813 0.044531 0.031250 0.023438
1 0.129688 0.020313 0.018750 0.021875
1 0.493750 0.015625 0.025000 0.028125
0 0.144531 0.043750 0.023438 0.028125
