1 0.340625 0.244531 0.062500 0.064063
1 0.020313 0.186719 0.012500 0.014063
1 0.080469 0.200781 0.004688 0.014063
1 0.150000 0.196875 0.009375 0.012500
1 0.170313 0.192188 0.012500 0.012500
1 0.235938 0.200000 0.009375 0.015625
0 0.217969 0.187500 0.014063 0.015625
1 0.271094 0.189063 0.010938 0.015625
1 0.309375 0.191406 0.012500 0.017188
1 0.409375 0.195312 0.009375 0.015625
1 0.435938 0.189063 0.006250 0.012500
1 0.461719 0.200000 0.007812 0.012500
1 0.546094 0.140625 0.010938 0.009375
1 0.587500 0.191406 0.006250 0.010938
0 0.555469 0.189844 0.010938 0.014063
1 0.557031 0.166406 0.010938 0.010938
