1 0.069531 0.174219 0.048438 0.067187
1 0.171875 0.113281 0.056250 0.048438
1 0.055469 0.080469 0.029688 0.029688
1 0.205469 0.033594 0.026563 0.029688
1 0.289844 0.117188 0.032813 0.034375
1 0.328906 0.093750 0.023438 0.031250
1 0.390625 0.098438 0.021875 0.034375
1 0.359375 0.162500 0.037500 0.040625
1 0.379688 0.238281 0.037500 0.045313
1 0.478906 0.153906 0.042188 0.035938
1 0.375781 0.020313 0.017188 0.025000
1 0.516406 0.046875 0.023438 0.015625
1 0.600000 0.074219 0.043750 0.048438
1 0.293750 0.039062 0.012500 0.021875
