1 0.081250 0.021875 0.009375 0.009375
1 0.056250 0.087500 0.012500 0.012500
0 0.088281 0.126562 0.014063 0.015625
1 0.082031 0.161719 0.017188 0.017188
1 0.111719 0.164844 0.010938 0.017188
1 0.010938 0.210156 0.015625 0.017188
1 0.045313 0.202344 0.015625 0.014063
1 0.082813 0.207031 0.018750 0.017188
0 0.071094 0.249219 0.017188 0.017188
1 0.047656 0.307031 0.017188 0.014063
0 0.100781 0.275781 0.014063 0.017188
1 0.227344 0.008594 0.010938 0.010938
1 0.221094 0.025781 0.014063 0.014063
1 0.198438 0.041406 0.009375 0.010938
1 0.189063 0.053125 0.009375 0.012500
1 0.167188 0.065625 0.012500 0.012500
1 0.153906 0.104688 0.010938 0.009375
0 0.133594 0.109375 0.010938 0.009375
1 0.139844 0.124219 0.010938 0.010938
0 0.167188 0.126562 0.012500 0.012500
1 0.165625 0.175781 0.012500 0.014063
0 0.178906 0.196875 0.010938 0.012500
2 0.182031 0.245313 0.017188 0.018750
1 0.164062 0.267188 0.018750 0.018750
1 0.203906 0.339063 0.020313 0.021875
1 0.153906 0.413281 0.023438 0.023438
1 0.284375 0.008594 0.006250 0.007812
1 0.262500 0.025781 0.009375 0.010938
1 0.246094 0.031250 0.010938 0.009375
0 0.252344 0.052344 0.007812 0.010938
1 0.270313 0.047656 0.012500 0.014063
1 0.203906 0.091406 0.010938 0.010938
1 0.249219 0.090625 0.010938 0.012500
0 0.217188 0.105469 0.012500 0.014063
0 0.188281 0.118750 0.010938 0.012500
1 0.230469 0.128906 0.014063 0.014063
1 0.214844 0.161719 0.014063 0.010938
1 0.284375 0.142969 0.012500 0.014063
1 0.264063 0.162500 0.015625 0.012500
1 0.223438 0.201563 0.012500 0.015625
1 0.271094 0.189063 0.014063 0.015625
1 0.235938 0.271875 0.015625 0.018750
1 0.239063 0.304688 0.015625 0.018750
1 0.257031 0.310156 0.017188 0.020313
1 0.258594 0.408594 0.023438 0.023438
1 0.289844 0.345313 0.010938 0.015625
1 0.294531 0.257031 0.017188 0.017188
1 0.285156 0.239063 0.017188 0.012500
1 0.299219 0.031250 0.007812 0.009375
1 0.341406 0.015625 0.007812 0.009375
1 0.319531 0.035156 0.007812 0.004688
1 0.338281 0.047656 0.010938 0.010938
1 0.359375 0.028906 0.009375 0.010938
1 0.311719 0.062500 0.010938 0.012500
1 0.334375 0.088281 0.006250 0.007812
1 0.317969 0.105469 0.014063 0.010938
1 0.351562 0.131250 0.012500 0.012500
1 0.304688 0.159375 0.012500 0.015625
1 0.348438 0.153125 0.012500 0.012500
1 0.336719 0.164844 0.014063 0.017188
1 0.310938 0.199219 0.012500 0.014063
1 0.393750 0.005469 0.009375 0.007812
1 0.401563 0.039844 0.009375 0.010938
1 0.417969 0.031250 0.007812 0.009375
1 0.434375 0.039062 0.006250 0.009375
1 0.440625 0.041406 0.009375 0.010938
0 0.424219 0.060938 0.007812 0.009375
1 0.460938 0.048438 0.009375 0.012500
0 0.462500 0.063281 0.009375 0.010938
1 0.444531 0.089844 0.010938 0.010938
0 0.403906 0.075000 0.010938 0.009375
2 0.390625 0.082813 0.012500 0.012500
1 0.398438 0.130469 0.012500 0.010938
1 0.378906 0.172656 0.014063 0.014063
1 0.420313 0.168750 0.012500 0.012500
1 0.374219 0.228906 0.017188 0.014063
1 0.378906 0.332031 0.020313 0.020313
1 0.343750 0.379688 0.021875 0.021875
1 0.405469 0.361719 0.020313 0.020313
1 0.480469 0.006250 0.010938 0.009375
1 0.514062 0.034375 0.009375 0.012500
0 0.525781 0.040625 0.007812 0.009375
1 0.514844 0.063281 0.007812 0.010938
1 0.517969 0.075781 0.010938 0.010938
1 0.485938 0.105469 0.012500 0.014063
1 0.513281 0.134375 0.010938 0.012500
1 0.436719 0.185938 0.014063 0.015625
1 0.458594 0.175781 0.014063 0.014063
1 0.450000 0.202344 0.015625 0.014063
1 0.455469 0.235156 0.014063 0.017188
1 0.438281 0.242188 0.017188 0.018750
1 0.475000 0.399219 0.021875 0.023438
1 0.565625 0.425781 0.025000 0.017188
1 0.605469 0.428125 0.023438 0.012500
1 0.569531 0.351562 0.020313 0.018750
1 0.589844 0.342188 0.017188 0.021875
1 0.591406 0.264063 0.017188 0.018750
1 0.591406 0.233594 0.017188 0.017188
1 0.623438 0.214063 0.006250 0.015625
1 0.562500 0.208594 0.012500 0.007812
1 0.572656 0.190625 0.014063 0.015625
1 0.552344 0.164062 0.014063 0.015625
1 0.579688 0.140625 0.012500 0.015625
1 0.546094 0.141406 0.014063 0.014063
1 0.533594 0.124219 0.010938 0.014063
1 0.569531 0.120313 0.007812 0.009375
1 0.535938 0.098438 0.012500 0.012500
1 0.545312 0.074219 0.009375 0.010938
1 0.602344 0.080469 0.007812 0.010938
1 0.615625 0.047656 0.009375 0.010938
1 0.560937 0.032813 0.009375 0.009375
1 0.544531 0.019531 0.007812 0.010938
1 0.582813 0.024219 0.009375 0.007812
0 0.600000 0.014063 0.006250 0.009375
0 0.622656 0.032031 0.007812 0.007812
