0 0.086719 0.061719 0.042188 0.039062
0 0.215625 0.019531 0.018750 0.023438
0 0.309375 0.026563 0.021875 0.025000
1 0.335156 0.041406 0.032813 0.039062
0 0.240625 0.069531 0.037500 0.032813
1 0.227344 0.124219 0.048438 0.051563
0 0.125781 0.129688 0.039062 0.025000
2 0.077344 0.282031 0.042188 0.042188
2 0.193750 0.168750 0.046875 0.053125
2 0.298438 0.154688 0.068750 0.068750
0 0.392969 0.078125 0.026563 0.028125
1 0.420313 0.090625 0.040625 0.043750
1 0.540625 0.094531 0.059375 0.060938
1 0.447656 0.245313 0.073438 0.078125
