1 0.011719 0.182813 0.014063 0.015625
1 0.048438 0.284375 0.012500 0.012500
1 0.046875 0.175000 0.015625 0.015625
1 0.087500 0.178125 0.015625 0.018750
0 0.075000 0.222656 0.015625 0.017188
0 0.104688 0.251563 0.012500 0.015625
1 0.084375 0.132812 0.015625 0.015625
1 0.116406 0.135938 0.007812 0.015625
0 0.092969 0.096094 0.014063 0.014063
1 0.058594 0.055469 0.010938 0.014063
1 0.171875 0.242969 0.018750 0.020313
1 0.213281 0.316406 0.020313 0.020313
1 0.190625 0.220313 0.015625 0.018750
0 0.187500 0.171094 0.012500 0.014063
1 0.173438 0.146875 0.012500 0.015625
1 0.234375 0.173438 0.012500 0.015625
1 0.246875 0.246875 0.018750 0.018750
1 0.269531 0.287500 0.017188 0.021875
1 0.250000 0.282813 0.018750 0.021875
1 0.302344 0.323438 0.010938 0.015625
1 0.308594 0.232031 0.017188 0.020313
1 0.297656 0.214063 0.020313 0.012500
1 0.283594 0.160938 0.017188 0.015625
1 0.225781 0.132812 0.017188 0.015625
1 0.146094 0.092969 0.014063 0.010938
0 0.139063 0.078906 0.012500 0.014063
0 0.175000 0.096875 0.015625 0.015625
0 0.196875 0.087500 0.012500 0.012500
1 0.239844 0.097656 0.014063 0.014063
1 0.226562 0.074219 0.015625 0.014063
1 0.174219 0.029688 0.010938 0.012500
1 0.196875 0.018750 0.009375 0.012500
1 0.213281 0.059375 0.010938 0.012500
1 0.260937 0.057031 0.012500 0.010938
1 0.160156 0.073438 0.010938 0.012500
1 0.275000 0.133594 0.015625 0.014063
1 0.297656 0.113281 0.014063 0.017188
1 0.317969 0.129688 0.014063 0.015625
1 0.325000 0.171094 0.012500 0.014063
1 0.396094 0.310156 0.020313 0.020313
1 0.423438 0.341406 0.021875 0.020313
1 0.390625 0.202344 0.015625 0.014063
1 0.395313 0.143750 0.015625 0.012500
1 0.352344 0.135938 0.014063 0.015625
1 0.364063 0.123438 0.012500 0.012500
1 0.367969 0.100000 0.010938 0.012500
1 0.332813 0.073438 0.012500 0.012500
1 0.207813 0.007031 0.009375 0.010938
0 0.263281 0.017969 0.007812 0.010938
1 0.282813 0.012500 0.012500 0.012500
1 0.325781 0.028125 0.010938 0.012500
1 0.353125 0.011719 0.009375 0.010938
1 0.408594 0.050000 0.010938 0.012500
0 0.422656 0.040625 0.010938 0.009375
1 0.415625 0.100781 0.012500 0.010938
1 0.439063 0.139844 0.012500 0.014063
1 0.457813 0.217188 0.018750 0.018750
1 0.455469 0.157813 0.014063 0.015625
1 0.470313 0.175000 0.015625 0.015625
1 0.478906 0.148438 0.014063 0.015625
1 0.475781 0.207813 0.014063 0.015625
1 0.443750 0.027344 0.009375 0.010938
1 0.419531 0.007031 0.010938 0.010938
1 0.460156 0.007031 0.007812 0.010938
1 0.482031 0.013281 0.007812 0.010938
0 0.482813 0.028906 0.009375 0.010938
0 0.465625 0.057031 0.009375 0.010938
1 0.507812 0.074219 0.012500 0.014063
1 0.541406 0.041406 0.010938 0.010938
0 0.548438 0.006250 0.009375 0.009375
1 0.569531 0.039844 0.010938 0.010938
1 0.560937 0.065625 0.012500 0.012500
1 0.557031 0.092969 0.014063 0.014063
1 0.536719 0.103906 0.010938 0.014063
1 0.570312 0.110156 0.012500 0.014063
1 0.596094 0.089063 0.007812 0.009375
1 0.578125 0.134375 0.015625 0.015625
1 0.598438 0.161719 0.015625 0.014063
1 0.606250 0.109375 0.012500 0.015625
1 0.537500 0.028125 0.009375 0.009375
1 0.618750 0.239063 0.012500 0.018750
1 0.617969 0.207031 0.014063 0.017188
1 0.588281 0.181250 0.014063 0.012500
