1 0.075781 0.256250 0.045313 0.034375
1 0.154688 0.235156 0.037500 0.032813
1 0.196094 0.223438 0.029688 0.031250
1 0.239063 0.344531 0.046875 0.042188
1 0.296875 0.197656 0.040625 0.035938
1 0.481250 0.193750 0.050000 0.043750
1 0.584375 0.223438 0.025000 0.031250
1 0.332031 0.164062 0.023438 0.031250
1 0.390625 0.149219 0.015625 0.026563
1 0.351562 0.110156 0.021875 0.023438
1 0.289844 0.096875 0.017188 0.018750
1 0.101562 0.185938 0.021875 0.028125
2 0.169531 0.154688 0.023438 0.018750
1 0.093750 0.152344 0.015625 0.017188
1 0.222656 0.175781 0.026563 0.023438
1 0.196094 0.109375 0.014063 0.018750
1 0.095313 0.106250 0.015625 0.018750
1 0.131250 0.134375 0.015625 0.015625
1 0.060156 0.143750 0.014063 0.015625
1 0.048438 0.118750 0.012500 0.012500
1 0.140625 0.090625 0.012500 0.012500
