1 0.122656 0.158594 0.048438 0.051563
0 0.245313 0.217188 0.087500 0.103125
1 0.057813 0.121094 0.037500 0.042188
2 0.104688 0.063281 0.028125 0.035938
0 0.139063 0.117188 0.034375 0.031250
1 0.177344 0.092188 0.032813 0.028125
1 0.218750 0.085156 0.037500 0.029688
1 0.267188 0.101562 0.031250 0.028125
1 0.296094 0.126562 0.035938 0.037500
1 0.342969 0.130469 0.042188 0.029688
0 0.290625 0.060938 0.021875 0.025000
1 0.238281 0.035156 0.014063 0.014063
1 0.292187 0.029688 0.015625 0.015625
1 0.422656 0.161719 0.057813 0.054688
1 0.082031 0.072656 0.023438 0.029688
1 0.167188 0.064844 0.028125 0.023438
1 0.360938 0.021094 0.009375 0.010938
1 0.499219 0.318750 0.042188 0.065625
1 0.525781 0.191406 0.054688 0.060938
1 0.516406 0.102344 0.042188 0.035938
1 0.511719 0.150781 0.023438 0.032813
1 0.486719 0.074219 0.026563 0.035938
1 0.544531 0.061719 0.020313 0.023438
