1 0.241406 0.164844 0.035938 0.042188
1 0.239844 0.092188 0.048438 0.025000
1 0.404688 0.238281 0.037500 0.054688
1 0.362500 0.187500 0.025000 0.046875
1 0.435938 0.092969 0.015625 0.017188
2 0.166406 0.085938 0.020313 0.018750
0 0.053125 0.084375 0.012500 0.012500
0 0.318750 0.077344 0.015625 0.020313
0 0.471875 0.071094 0.012500 0.020313
0 0.361719 0.140625 0.023438 0.021875
1 0.558594 0.121094 0.017188 0.014063
0 0.585156 0.131250 0.023438 0.025000
0 0.588281 0.174219 0.017188 0.035938
0 0.604688 0.128125 0.018750 0.018750
