0 0.094531 0.296875 0.073438 0.075000
0 0.041406 0.207813 0.064063 0.050000
1 0.028906 0.137500 0.051563 0.034375
1 0.089063 0.131250 0.056250 0.059375
1 0.131250 0.122656 0.025000 0.029688
0 0.172656 0.146094 0.057813 0.060938
1 0.216406 0.239844 0.070312 0.067187
1 0.278125 0.228906 0.053125 0.051563
1 0.367969 0.225781 0.082813 0.079688
1 0.311719 0.157031 0.026563 0.051563
0 0.225000 0.128125 0.040625 0.046875
2 0.284375 0.110938 0.043750 0.043750
0 0.364844 0.100000 0.039062 0.040625
0 0.132812 0.065625 0.034375 0.034375
1 0.109375 0.072656 0.021875 0.029688
1 0.077344 0.049219 0.026563 0.026563
1 0.019531 0.074219 0.035938 0.042188
2 0.046875 0.071094 0.021875 0.026563
1 0.122656 0.016406 0.017188 0.017188
1 0.153906 0.042969 0.014063 0.017188
1 0.165625 0.067969 0.028125 0.029688
1 0.257812 0.113281 0.025000 0.035938
1 0.238281 0.076563 0.023438 0.021875
1 0.210156 0.058594 0.023438 0.020313
1 0.236719 0.055469 0.026563 0.020313
1 0.209375 0.020313 0.015625 0.018750
1 0.183594 0.022656 0.007812 0.014063
1 0.247656 0.028906 0.014063 0.017188
1 0.257812 0.041406 0.018750 0.017188
0 0.300781 0.044531 0.023438 0.026563
1 0.321094 0.074219 0.026563 0.032813
1 0.316406 0.099219 0.026563 0.029688
1 0.324219 0.018750 0.007812 0.018750
1 0.362500 0.021875 0.012500 0.015625
1 0.399219 0.015625 0.017188 0.018750
2 0.410938 0.060156 0.028125 0.026563
0 0.392188 0.096094 0.015625 0.032813
1 0.425781 0.133594 0.039062 0.035938
1 0.430469 0.064063 0.017188 0.025000
0 0.437500 0.021875 0.012500 0.015625
1 0.427344 0.185156 0.017188 0.026563
1 0.468750 0.203906 0.050000 0.060938
1 0.511719 0.273438 0.076563 0.087500
1 0.531250 0.100000 0.037500 0.040625
0 0.598438 0.113281 0.015625 0.035938
1 0.560937 0.092969 0.021875 0.035938
1 0.463281 0.127344 0.032813 0.026563
1 0.499219 0.075781 0.029688 0.029688
1 0.489063 0.040625 0.028125 0.031250
2 0.518750 0.032031 0.018750 0.029688
1 0.571875 0.046094 0.012500 0.020313
