1 0.167188 0.037500 0.015625 0.021875
1 0.148438 0.052344 0.025000 0.023438
1 0.103125 0.219531 0.050000 0.048438
1 0.211719 0.181250 0.039062 0.043750
1 0.262500 0.108594 0.034375 0.039062
1 0.251563 0.012500 0.012500 0.012500
1 0.286719 0.018750 0.010938 0.015625
1 0.348438 0.028906 0.018750 0.017188
1 0.339844 0.087500 0.032813 0.037500
1 0.357031 0.147656 0.039062 0.042188
1 0.408594 0.085938 0.035938 0.037500
0 0.468750 0.044531 0.018750 0.020313
1 0.507812 0.055469 0.021875 0.026563
1 0.492969 0.017188 0.017188 0.018750
1 0.532813 0.014844 0.021875 0.020313
1 0.563281 0.023438 0.020313 0.015625
