1 0.053125 0.094531 0.031250 0.032813
1 0.106250 0.114063 0.028125 0.031250
1 0.219531 0.105469 0.035938 0.035938
1 0.253906 0.100000 0.026563 0.031250
1 0.282813 0.181250 0.034375 0.037500
1 0.300000 0.096875 0.018750 0.021875
1 0.330469 0.092969 0.017188 0.029688
1 0.350781 0.097656 0.026563 0.032813
1 0.383594 0.109375 0.023438 0.028125
1 0.407031 0.122656 0.026563 0.032813
1 0.446875 0.130469 0.034375 0.039062
1 0.479688 0.089844 0.021875 0.026563
0 0.505469 0.091406 0.026563 0.020313
1 0.551563 0.082031 0.028125 0.029688
1 0.587500 0.089844 0.031250 0.032813
1 0.230469 0.082031 0.023438 0.023438
1 0.188281 0.081250 0.023438 0.021875
