1 0.053125 0.111719 0.031250 0.035938
1 0.104688 0.132812 0.028125 0.031250
1 0.220313 0.124219 0.034375 0.039062
1 0.253906 0.115625 0.026563 0.028125
1 0.283594 0.198438 0.032813 0.034375
1 0.329688 0.110938 0.018750 0.028125
1 0.351562 0.114844 0.028125 0.032813
1 0.383594 0.126562 0.026563 0.028125
1 0.407031 0.139063 0.026563 0.031250
1 0.446094 0.146875 0.035938 0.037500
1 0.479688 0.107031 0.021875 0.026563
0 0.505469 0.107031 0.023438 0.023438
1 0.552344 0.100000 0.026563 0.031250
1 0.587500 0.107813 0.031250 0.034375
1 0.187500 0.099219 0.021875 0.026563
1 0.298438 0.114844 0.021875 0.023438
1 0.230469 0.099219 0.023438 0.023438
1 0.525000 0.106250 0.015625 0.018750
