1 0.026563 0.337500 0.040625 0.043750
1 0.079688 0.300781 0.040625 0.042188
2 0.105469 0.274219 0.032813 0.035938
0 0.060156 0.183594 0.026563 0.026563
1 0.053125 0.135938 0.025000 0.034375
1 0.017188 0.123438 0.021875 0.028125
0 0.051563 0.018750 0.031250 0.031250
1 0.186719 0.029688 0.032813 0.031250
1 0.162500 0.103906 0.034375 0.026563
1 0.165625 0.190625 0.028125 0.034375
1 0.234375 0.354688 0.043750 0.040625
1 0.324219 0.285938 0.039062 0.031250
1 0.353906 0.316406 0.045313 0.039062
1 0.311719 0.164844 0.035938 0.035938
1 0.302344 0.107031 0.039062 0.032813
1 0.307031 0.057813 0.035938 0.028125
1 0.400781 0.189063 0.029688 0.031250
1 0.413281 0.104688 0.032813 0.034375
1 0.466406 0.103906 0.035938 0.035938
1 0.582813 0.246875 0.043750 0.028125
1 0.557813 0.132812 0.037500 0.031250
1 0.514062 0.078125 0.028125 0.028125
1 0.512500 0.035156 0.028125 0.023438
