1 0.057031 0.126562 0.035938 0.037500
2 0.152344 0.150781 0.029688 0.029688
1 0.216406 0.113281 0.032813 0.035938
1 0.230469 0.285938 0.064063 0.081250
1 0.256250 0.199219 0.053125 0.054688
1 0.334375 0.107813 0.018750 0.025000
1 0.385938 0.182031 0.056250 0.064063
2 0.421875 0.086719 0.021875 0.029688
1 0.435938 0.128125 0.028125 0.031250
1 0.483594 0.188281 0.035938 0.039062
1 0.496875 0.117969 0.031250 0.032813
1 0.558594 0.220313 0.073438 0.068750
1 0.582031 0.089063 0.023438 0.025000
1 0.546875 0.090625 0.025000 0.028125
1 0.018750 0.255469 0.034375 0.048438
