2 0.078125 0.223438 0.084375 0.090625
1 0.271094 0.287500 0.082813 0.084375
1 0.336719 0.332031 0.045313 0.067187
1 0.418750 0.342969 0.078125 0.085938
1 0.511719 0.317188 0.057813 0.065625
1 0.410156 0.193750 0.042188 0.050000
1 0.451563 0.177344 0.043750 0.045313
1 0.319531 0.158594 0.029688 0.035938
1 0.352344 0.136719 0.035938 0.035938
1 0.374219 0.091406 0.023438 0.026563
1 0.427344 0.082813 0.023438 0.025000
1 0.335156 0.085938 0.023438 0.025000
1 0.364063 0.065625 0.018750 0.018750
1 0.406250 0.060938 0.021875 0.018750
1 0.464063 0.056250 0.021875 0.015625
1 0.573438 0.056250 0.015625 0.012500
