0 0.078125 0.100000 0.040625 0.043750
0 0.117969 0.140625 0.039062 0.034375
0 0.121094 0.197656 0.042188 0.045313
0 0.156250 0.090625 0.037500 0.043750
0 0.210938 0.181250 0.046875 0.053125
1 0.279688 0.191406 0.056250 0.064063
0 0.339063 0.101562 0.034375 0.043750
0 0.380469 0.219531 0.051563 0.051563
0 0.389063 0.164062 0.040625 0.043750
1 0.553125 0.211719 0.050000 0.060938
0 0.601562 0.117969 0.034375 0.039062
0 0.434375 0.051563 0.034375 0.034375
0 0.550781 0.067969 0.026563 0.026563
0 0.303125 0.092188 0.034375 0.031250
