0 0.082813 0.348438 0.028125 0.025000
0 0.018750 0.259375 0.025000 0.025000
0 0.094531 0.262500 0.023438 0.025000
0 0.028125 0.220313 0.021875 0.021875
0 0.103906 0.204688 0.026563 0.025000
0 0.036719 0.167969 0.023438 0.023438
0 0.103125 0.168750 0.021875 0.015625
0 0.127344 0.148438 0.020313 0.018750
0 0.041406 0.111719 0.020313 0.020313
0 0.061719 0.092969 0.017188 0.014063
0 0.132812 0.100000 0.021875 0.021875
0 0.075000 0.045313 0.018750 0.018750
0 0.131250 0.051563 0.021875 0.021875
0 0.142969 0.025781 0.020313 0.017188
0 0.247656 0.048438 0.010938 0.015625
1 0.295313 0.042969 0.012500 0.017188
1 0.324219 0.037500 0.014063 0.015625
0 0.284375 0.055469 0.018750 0.017188
0 0.286719 0.077344 0.017188 0.017188
1 0.274219 0.115625 0.017188 0.015625
0 0.296875 0.135156 0.012500 0.017188
0 0.283594 0.154688 0.014063 0.018750
0 0.285938 0.188281 0.018750 0.020313
0 0.271094 0.223438 0.023438 0.021875
0 0.292969 0.252344 0.020313 0.017188
0 0.298438 0.321875 0.021875 0.015625
0 0.308594 0.357031 0.026563 0.026563
0 0.289062 0.350781 0.009375 0.017188
1 0.327344 0.170313 0.020313 0.018750
0 0.346875 0.186719 0.021875 0.023438
0 0.351562 0.150781 0.021875 0.020313
0 0.334375 0.148438 0.015625 0.018750
0 0.328906 0.080469 0.010938 0.014063
0 0.342188 0.089063 0.018750 0.018750
0 0.364063 0.042969 0.015625 0.017188
0 0.368750 0.096875 0.018750 0.018750
0 0.398438 0.092969 0.015625 0.014063
0 0.399219 0.134375 0.020313 0.018750
0 0.385938 0.201563 0.018750 0.015625
0 0.352344 0.257812 0.017188 0.021875
0 0.375000 0.276562 0.021875 0.021875
0 0.402344 0.275000 0.020313 0.021875
0 0.406250 0.210938 0.021875 0.021875
0 0.400000 0.360938 0.018750 0.021875
0 0.386719 0.059375 0.017188 0.015625
0 0.411719 0.048438 0.010938 0.015625
0 0.405469 0.028125 0.014063 0.012500
0 0.447656 0.038281 0.014063 0.014063
0 0.431250 0.050781 0.015625 0.010938
0 0.450000 0.067969 0.018750 0.014063
0 0.442188 0.106250 0.021875 0.015625
0 0.457031 0.097656 0.007812 0.017188
0 0.438281 0.143750 0.020313 0.015625
0 0.457031 0.161719 0.020313 0.020313
0 0.472656 0.164844 0.010938 0.017188
0 0.464844 0.203906 0.020313 0.020313
0 0.460156 0.257031 0.023438 0.017188
0 0.481250 0.308594 0.021875 0.020313
0 0.491406 0.335938 0.014063 0.012500
0 0.501563 0.371094 0.021875 0.020313
0 0.475781 0.039844 0.010938 0.010938
