1 0.052344 0.078906 0.032813 0.032813
1 0.105469 0.099219 0.026563 0.029688
1 0.187500 0.065625 0.018750 0.021875
1 0.220313 0.092188 0.034375 0.037500
1 0.229688 0.065625 0.021875 0.021875
1 0.254688 0.083594 0.025000 0.029688
1 0.281250 0.166406 0.034375 0.032813
1 0.298438 0.081250 0.018750 0.021875
1 0.331250 0.078906 0.018750 0.026563
1 0.352344 0.082813 0.026563 0.031250
1 0.383594 0.093750 0.023438 0.025000
1 0.408594 0.107813 0.029688 0.031250
1 0.445312 0.114063 0.034375 0.034375
1 0.478125 0.075000 0.025000 0.028125
0 0.505469 0.075781 0.023438 0.020313
1 0.552344 0.067187 0.026563 0.031250
1 0.588281 0.075781 0.026563 0.032813
1 0.525781 0.075000 0.014063 0.018750
