1 0.029688 0.165625 0.012500 0.015625
1 0.084375 0.186719 0.021875 0.023438
1 0.114844 0.179688 0.035938 0.040625
1 0.144531 0.171094 0.020313 0.023438
1 0.201563 0.230469 0.037500 0.035938
1 0.030469 0.142969 0.007812 0.007812
1 0.059375 0.142187 0.009375 0.009375
1 0.074219 0.145313 0.014063 0.012500
1 0.088281 0.144531 0.010938 0.010938
1 0.185938 0.147656 0.015625 0.017188
1 0.200781 0.153906 0.010938 0.010938
1 0.210156 0.174219 0.017188 0.014063
1 0.225000 0.139844 0.009375 0.010938
1 0.277344 0.161719 0.017188 0.014063
1 0.264063 0.219531 0.018750 0.017188
1 0.310938 0.158594 0.012500 0.020313
1 0.336719 0.170313 0.020313 0.021875
1 0.328906 0.211719 0.026563 0.045313
1 0.291406 0.128125 0.010938 0.012500
1 0.264844 0.129688 0.014063 0.012500
1 0.402344 0.171875 0.026563 0.021875
1 0.361719 0.148438 0.014063 0.012500
1 0.425000 0.125781 0.009375 0.010938
1 0.417188 0.112500 0.009375 0.009375
1 0.487500 0.235938 0.081250 0.084375
1 0.601562 0.142187 0.025000 0.031250
1 0.546875 0.153906 0.015625 0.017188
1 0.047656 0.203125 0.010938 0.012500
1 0.040625 0.140625 0.009375 0.009375
