1 0.335938 0.199219 0.025000 0.023438
1 0.489844 0.227344 0.023438 0.020313
0 0.548438 0.231250 0.025000 0.021875
0 0.449219 0.210156 0.023438 0.020313
0 0.410938 0.193750 0.021875 0.018750
0 0.294531 0.196094 0.020313 0.023438
0 0.229688 0.192188 0.025000 0.021875
0 0.277344 0.185938 0.020313 0.018750
2 0.125781 0.189844 0.026563 0.023438
2 0.177344 0.189844 0.020313 0.023438
2 0.157031 0.262500 0.020313 0.021875
2 0.385938 0.202344 0.025000 0.023438
1 0.045313 0.207031 0.012500 0.014063
0 0.527344 0.215625 0.014063 0.012500
