1 0.028906 0.278125 0.045313 0.050000
1 0.053125 0.202344 0.021875 0.026563
1 0.074219 0.185938 0.014063 0.018750
1 0.123438 0.202344 0.021875 0.020313
1 0.146875 0.171094 0.015625 0.020313
1 0.107813 0.164844 0.012500 0.014063
1 0.179688 0.250000 0.065625 0.078125
1 0.252344 0.183594 0.014063 0.014063
1 0.181250 0.167188 0.012500 0.012500
1 0.277344 0.214063 0.023438 0.025000
1 0.339844 0.209375 0.035938 0.040625
1 0.307813 0.185156 0.009375 0.014063
1 0.280469 0.181250 0.010938 0.009375
1 0.365625 0.167188 0.015625 0.015625
1 0.439063 0.185938 0.015625 0.012500
1 0.467969 0.209375 0.014063 0.015625
1 0.516406 0.210938 0.029688 0.031250
1 0.557813 0.189063 0.012500 0.015625
1 0.618750 0.219531 0.012500 0.029688
1 0.414062 0.174219 0.006250 0.007812
1 0.439063 0.162500 0.009375 0.009375
1 0.457031 0.171094 0.007812 0.007812
1 0.485938 0.189063 0.012500 0.015625
1 0.601562 0.184375 0.012500 0.015625
1 0.615625 0.175000 0.006250 0.009375
