1 0.027344 0.335938 0.045313 0.031250
1 0.076563 0.301563 0.043750 0.046875
2 0.104688 0.271094 0.034375 0.042188
0 0.059375 0.169531 0.031250 0.032813
1 0.165625 0.177344 0.031250 0.039062
1 0.163281 0.078906 0.035938 0.032813
1 0.053125 0.115625 0.028125 0.037500
1 0.014844 0.100000 0.020313 0.031250
1 0.352344 0.319531 0.045313 0.045313
1 0.325000 0.285938 0.040625 0.034375
1 0.312500 0.146875 0.037500 0.037500
1 0.302344 0.078906 0.039062 0.032813
1 0.305469 0.024219 0.035938 0.026563
1 0.414062 0.078906 0.034375 0.039062
1 0.401563 0.172656 0.034375 0.035938
1 0.468750 0.078125 0.037500 0.040625
1 0.514844 0.050000 0.035938 0.031250
1 0.560156 0.113281 0.042188 0.035938
1 0.584375 0.241406 0.040625 0.035938
