0 0.028125 0.301563 0.012500 0.025000
1 0.061719 0.305469 0.026563 0.029688
1 0.110156 0.292187 0.010938 0.018750
1 0.164062 0.315625 0.025000 0.025000
0 0.204688 0.237500 0.015625 0.018750
1 0.221875 0.244531 0.021875 0.020313
2 0.248438 0.250000 0.018750 0.015625
0 0.232031 0.278125 0.020313 0.021875
1 0.202344 0.292969 0.023438 0.020313
1 0.260156 0.282813 0.023438 0.025000
1 0.285938 0.261719 0.021875 0.026563
1 0.343750 0.248438 0.018750 0.018750
1 0.315625 0.292969 0.025000 0.026563
1 0.330469 0.323438 0.026563 0.031250
1 0.375781 0.243750 0.023438 0.025000
0 0.360156 0.402344 0.029688 0.029688
1 0.355469 0.203125 0.017188 0.015625
1 0.321094 0.188281 0.014063 0.017188
1 0.385938 0.205469 0.015625 0.017188
1 0.456250 0.173438 0.015625 0.015625
1 0.492969 0.178125 0.010938 0.012500
1 0.567188 0.210156 0.015625 0.014063
