1 0.020313 0.104688 0.034375 0.034375
1 0.055469 0.121094 0.020313 0.023438
1 0.151563 0.099219 0.021875 0.026563
1 0.192188 0.100000 0.031250 0.037500
1 0.216406 0.104688 0.017188 0.021875
1 0.247656 0.121094 0.023438 0.023438
1 0.292969 0.120313 0.023438 0.021875
1 0.355469 0.137500 0.032813 0.031250
1 0.385938 0.095313 0.028125 0.028125
1 0.447656 0.103906 0.020313 0.023438
1 0.471094 0.102344 0.026563 0.029688
1 0.519531 0.142969 0.029688 0.029688
1 0.566406 0.117188 0.026563 0.034375
1 0.265625 0.114063 0.012500 0.015625
