0 0.030469 0.018750 0.035938 0.034375
1 0.031250 0.164062 0.034375 0.043750
1 0.153125 0.125000 0.037500 0.037500
1 0.177344 0.032031 0.039062 0.042188
0 0.039062 0.221875 0.031250 0.040625
1 0.014844 0.413281 0.026563 0.060938
1 0.060938 0.367969 0.043750 0.054688
2 0.090625 0.335156 0.034375 0.051563
1 0.156250 0.229688 0.034375 0.043750
1 0.308594 0.064844 0.039062 0.035938
1 0.303906 0.126562 0.042188 0.043750
1 0.314844 0.198438 0.039062 0.043750
1 0.229688 0.433594 0.043750 0.051563
1 0.327344 0.351562 0.045313 0.043750
1 0.360938 0.386719 0.046875 0.051563
1 0.414062 0.228125 0.034375 0.040625
1 0.427344 0.124219 0.039062 0.042188
1 0.485938 0.121875 0.037500 0.046875
1 0.535938 0.039062 0.028125 0.034375
1 0.586719 0.160156 0.042188 0.039062
1 0.605469 0.300000 0.039062 0.040625
