1 0.007031 0.125000 0.010938 0.009375
1 0.073438 0.133594 0.012500 0.010938
1 0.022656 0.160156 0.023438 0.023438
1 0.060938 0.191406 0.018750 0.023438
1 0.130469 0.156250 0.032813 0.034375
1 0.144531 0.131250 0.014063 0.018750
1 0.162500 0.121094 0.012500 0.014063
1 0.203906 0.126562 0.007812 0.009375
1 0.188281 0.139063 0.010938 0.012500
1 0.201563 0.167188 0.021875 0.025000
1 0.221875 0.154688 0.012500 0.018750
1 0.250781 0.159375 0.035938 0.034375
1 0.284375 0.221875 0.040625 0.046875
2 0.278906 0.135156 0.007812 0.007812
1 0.373438 0.166406 0.015625 0.023438
1 0.403125 0.143750 0.012500 0.015625
1 0.431250 0.176563 0.021875 0.025000
1 0.531250 0.228906 0.100000 0.107813
1 0.589063 0.261719 0.037500 0.045313
