1 0.495313 0.303906 0.062500 0.064063
0 0.522656 0.219531 0.048438 0.048438
0 0.280469 0.233594 0.048438 0.048438
1 0.327344 0.291406 0.064063 0.060938
1 0.600000 0.228906 0.037500 0.035938
1 0.117969 0.263281 0.051563 0.064063
1 0.048438 0.212500 0.034375 0.037500
1 0.167188 0.244531 0.028125 0.042188
1 0.221094 0.222656 0.032813 0.032813
1 0.246094 0.205469 0.035938 0.045313
1 0.325000 0.203906 0.037500 0.039062
1 0.356250 0.203906 0.025000 0.029688
1 0.384375 0.164844 0.018750 0.023438
1 0.455469 0.150000 0.026563 0.021875
0 0.187500 0.206250 0.025000 0.031250
1 0.076563 0.172656 0.021875 0.023438
1 0.234375 0.162500 0.028125 0.028125
0 0.296094 0.142187 0.020313 0.021875
1 0.323438 0.132812 0.009375 0.015625
1 0.402344 0.130469 0.010938 0.014063
1 0.266406 0.140625 0.014063 0.015625
1 0.159375 0.125000 0.012500 0.012500
1 0.429688 0.155469 0.021875 0.020313
1 0.362500 0.178906 0.018750 0.023438
1 0.572656 0.132031 0.014063 0.017188
1 0.600781 0.128125 0.014063 0.018750
1 0.489844 0.146094 0.010938 0.014063
1 0.587500 0.126562 0.012500 0.015625
