1 0.034375 0.046875 0.043750 0.046875
1 0.108594 0.053906 0.051563 0.048438
1 0.119531 0.146875 0.054688 0.053125
1 0.066406 0.266406 0.048438 0.048438
1 0.198438 0.163281 0.053125 0.057813
1 0.186719 0.286719 0.048438 0.042188
1 0.324219 0.217188 0.054688 0.062500
1 0.332813 0.317969 0.050000 0.057813
1 0.375781 0.200781 0.048438 0.051563
1 0.460156 0.274219 0.048438 0.057813
1 0.529687 0.113281 0.050000 0.054688
1 0.607031 0.064844 0.035938 0.042188
1 0.604688 0.150000 0.040625 0.053125
1 0.524219 0.220313 0.048438 0.056250
1 0.591406 0.250781 0.057813 0.057813
1 0.510156 0.325000 0.054688 0.053125
