1 0.046875 0.029688 0.015625 0.018750
1 0.093750 0.023438 0.015625 0.015625
1 0.195312 0.036719 0.015625 0.023438
1 0.269531 0.014063 0.017188 0.018750
1 0.042969 0.085938 0.020313 0.021875
1 0.092969 0.071875 0.020313 0.018750
1 0.176563 0.068750 0.018750 0.021875
1 0.190625 0.096875 0.018750 0.018750
1 0.152344 0.129688 0.020313 0.018750
1 0.050781 0.123438 0.023438 0.021875
1 0.023438 0.152344 0.021875 0.023438
1 0.067187 0.173438 0.021875 0.018750
1 0.065625 0.203125 0.018750 0.025000
1 0.103906 0.216406 0.020313 0.023438
1 0.109375 0.250781 0.028125 0.026563
1 0.079688 0.334375 0.028125 0.025000
1 0.095313 0.386719 0.028125 0.029688
1 0.159375 0.364844 0.028125 0.023438
1 0.206250 0.210938 0.025000 0.021875
1 0.218750 0.150781 0.018750 0.020313
1 0.237500 0.342969 0.028125 0.029688
1 0.277344 0.235938 0.023438 0.028125
1 0.314844 0.042969 0.017188 0.014063
1 0.329688 0.067187 0.018750 0.018750
1 0.369531 0.048438 0.017188 0.018750
1 0.353125 0.085938 0.018750 0.018750
1 0.413281 0.081250 0.020313 0.018750
1 0.396875 0.106250 0.021875 0.025000
1 0.375000 0.169531 0.021875 0.023438
1 0.345313 0.207031 0.021875 0.026563
1 0.449219 0.332031 0.026563 0.029688
1 0.482813 0.158594 0.021875 0.026563
1 0.500781 0.229688 0.023438 0.025000
1 0.493750 0.020313 0.018750 0.015625
1 0.510156 0.012500 0.014063 0.018750
0 0.579688 0.027344 0.015625 0.020313
1 0.525781 0.050000 0.020313 0.015625
1 0.599219 0.147656 0.023438 0.017188
1 0.562500 0.207031 0.021875 0.023438
1 0.577344 0.287500 0.020313 0.025000
1 0.596875 0.309375 0.031250 0.021875
