1 0.054688 0.166406 0.028125 0.045313
1 0.178125 0.155469 0.025000 0.035938
1 0.209375 0.176563 0.037500 0.034375
1 0.249219 0.130469 0.026563 0.032813
0 0.279688 0.137500 0.034375 0.037500
1 0.317969 0.177344 0.048438 0.054688
0 0.314063 0.107031 0.028125 0.029688
0 0.364063 0.100781 0.031250 0.035938
0 0.439844 0.121094 0.029688 0.032813
1 0.421094 0.162500 0.029688 0.034375
1 0.465625 0.155469 0.031250 0.042188
1 0.557813 0.126562 0.028125 0.031250
2 0.494531 0.171094 0.042188 0.042188
0 0.599219 0.138281 0.039062 0.035938
0 0.115625 0.127344 0.018750 0.020313
0 0.510938 0.120313 0.018750 0.021875
1 0.582031 0.114063 0.017188 0.018750
