1 0.060938 0.265625 0.106250 0.112500
1 0.164844 0.217969 0.064063 0.067187
0 0.189063 0.134375 0.040625 0.037500
1 0.257812 0.182031 0.053125 0.051563
0 0.298438 0.125781 0.021875 0.042188
1 0.342969 0.150000 0.067187 0.075000
1 0.403125 0.149219 0.053125 0.064063
0 0.421875 0.049219 0.028125 0.029688
1 0.541406 0.075781 0.029688 0.026563
1 0.575000 0.064844 0.034375 0.035938
1 0.463281 0.111719 0.029688 0.029688
1 0.489844 0.148438 0.045313 0.050000
1 0.600781 0.155469 0.042188 0.048438
1 0.471875 0.321875 0.084375 0.059375
1 0.277344 0.036719 0.020313 0.020313
0 0.373438 0.048438 0.018750 0.025000
0 0.486719 0.017969 0.020313 0.017188
