1 0.053125 0.101562 0.028125 0.034375
1 0.104688 0.121094 0.028125 0.032813
1 0.221875 0.114844 0.031250 0.035938
1 0.189063 0.090625 0.018750 0.021875
1 0.232031 0.089844 0.017188 0.017188
1 0.254688 0.107813 0.028125 0.025000
1 0.271094 0.096875 0.010938 0.021875
1 0.285156 0.182031 0.029688 0.032813
1 0.300000 0.104688 0.018750 0.021875
1 0.329688 0.103125 0.018750 0.025000
1 0.350781 0.107031 0.026563 0.029688
1 0.384375 0.117188 0.025000 0.028125
1 0.408594 0.128125 0.029688 0.034375
1 0.446875 0.135938 0.034375 0.037500
1 0.450000 0.082031 0.018750 0.026563
1 0.480469 0.100000 0.026563 0.028125
0 0.506250 0.100000 0.025000 0.021875
1 0.552344 0.091406 0.026563 0.026563
1 0.586719 0.098438 0.029688 0.031250
1 0.525781 0.097656 0.014063 0.017188
