1 0.117969 0.127344 0.032813 0.032813
1 0.252344 0.115625 0.042188 0.043750
1 0.358594 0.114063 0.035938 0.037500
0 0.470313 0.114063 0.034375 0.031250
0 0.594531 0.124219 0.032813 0.029688
0 0.603906 0.037500 0.020313 0.018750
0 0.397656 0.017969 0.010938 0.017188
0 0.358594 0.023438 0.007812 0.012500
0 0.511719 0.053906 0.007812 0.010938
0 0.465625 0.053125 0.009375 0.009375
0 0.442188 0.050000 0.009375 0.009375
1 0.274219 0.043750 0.010938 0.012500
0 0.231250 0.051563 0.009375 0.009375
0 0.134375 0.042969 0.009375 0.010938
0 0.096094 0.044531 0.010938 0.014063
0 0.043750 0.041406 0.009375 0.014063
0 0.009375 0.039844 0.012500 0.010938
