0 0.014063 0.101562 0.021875 0.028125
0 0.042969 0.088281 0.029688 0.032813
0 0.082031 0.084375 0.020313 0.025000
0 0.085156 0.110938 0.014063 0.034375
0 0.039844 0.184375 0.020313 0.028125
1 0.058594 0.241406 0.035938 0.045313
2 0.092188 0.292969 0.037500 0.048438
0 0.178125 0.447656 0.053125 0.042188
0 0.178125 0.022656 0.018750 0.023438
0 0.185938 0.077344 0.025000 0.032813
0 0.217969 0.096875 0.020313 0.034375
0 0.239063 0.103125 0.018750 0.034375
0 0.164844 0.178125 0.026563 0.031250
1 0.208594 0.252344 0.029688 0.042188
1 0.260156 0.250000 0.026563 0.040625
0 0.311719 0.097656 0.020313 0.026563
0 0.333594 0.098438 0.017188 0.028125
1 0.367188 0.122656 0.018750 0.045313
0 0.421875 0.061719 0.028125 0.042188
0 0.473438 0.075781 0.021875 0.029688
1 0.553906 0.074219 0.032813 0.042188
1 0.545312 0.146875 0.031250 0.053125
0 0.179688 0.025000 0.021875 0.018750
