1 0.044531 0.367969 0.067187 0.064063
1 0.121875 0.319531 0.043750 0.045313
1 0.190625 0.297656 0.081250 0.092188
1 0.310156 0.246875 0.048438 0.065625
1 0.201563 0.097656 0.028125 0.029688
1 0.250781 0.046094 0.023438 0.023438
1 0.265625 0.100000 0.021875 0.028125
1 0.312500 0.057031 0.018750 0.017188
1 0.371094 0.062500 0.023438 0.025000
1 0.353906 0.150781 0.023438 0.026563
1 0.433594 0.225781 0.064063 0.064063
1 0.473438 0.078125 0.021875 0.021875
0 0.530469 0.138281 0.023438 0.023438
0 0.416406 0.081250 0.023438 0.025000
0 0.280469 0.183594 0.029688 0.029688
