1 0.053125 0.098438 0.028125 0.028125
1 0.117969 0.049219 0.020313 0.020313
1 0.160156 0.118750 0.026563 0.025000
1 0.232031 0.037500 0.020313 0.018750
1 0.259375 0.061719 0.025000 0.026563
1 0.324219 0.149219 0.032813 0.035938
1 0.285156 0.035156 0.023438 0.023438
1 0.325000 0.039062 0.021875 0.021875
1 0.387500 0.111719 0.028125 0.029688
1 0.379688 0.087500 0.021875 0.021875
0 0.264063 0.032813 0.015625 0.012500
0 0.371094 0.042969 0.014063 0.017188
1 0.375000 0.017969 0.015625 0.014063
1 0.416406 0.057031 0.020313 0.017188
0 0.393750 0.010938 0.015625 0.015625
2 0.435938 0.032813 0.015625 0.018750
1 0.468750 0.024219 0.018750 0.020313
1 0.480469 0.025781 0.007812 0.014063
0 0.454688 0.022656 0.012500 0.014063
0 0.551563 0.025000 0.018750 0.015625
1 0.596875 0.042188 0.018750 0.018750
