0 0.038281 0.202344 0.057813 0.057813
0 0.055469 0.051563 0.042188 0.040625
1 0.092188 0.038281 0.034375 0.039062
1 0.194531 0.019531 0.035938 0.035938
0 0.143750 0.049219 0.043750 0.045313
0 0.165625 0.118750 0.028125 0.031250
0 0.135938 0.200000 0.053125 0.053125
0 0.099219 0.267969 0.067187 0.045313
1 0.132812 0.366406 0.081250 0.092188
0 0.225000 0.275781 0.087500 0.067187
0 0.203906 0.158594 0.057813 0.051563
0 0.216406 0.057813 0.045313 0.031250
0 0.275000 0.064063 0.040625 0.037500
1 0.313281 0.048438 0.045313 0.040625
1 0.306250 0.146875 0.056250 0.053125
0 0.357031 0.110156 0.039062 0.042188
0 0.394531 0.047656 0.048438 0.048438
0 0.460156 0.046094 0.042188 0.032813
0 0.466406 0.112500 0.039062 0.037500
1 0.426563 0.178906 0.062500 0.064063
0 0.397656 0.278125 0.057813 0.053125
1 0.471875 0.332813 0.062500 0.059375
1 0.518750 0.208594 0.056250 0.057813
0 0.542188 0.061719 0.037500 0.039062
0 0.610938 0.037500 0.031250 0.031250
1 0.578906 0.132812 0.045313 0.040625
