1 0.029688 0.278906 0.053125 0.057813
1 0.054688 0.201563 0.025000 0.028125
1 0.077344 0.185156 0.017188 0.020313
1 0.107813 0.164844 0.015625 0.014063
1 0.014844 0.170313 0.014063 0.012500
1 0.124219 0.202344 0.023438 0.020313
1 0.147656 0.170313 0.017188 0.018750
1 0.179688 0.249219 0.071875 0.076563
1 0.182813 0.167188 0.015625 0.012500
1 0.236719 0.173438 0.010938 0.009375
1 0.250781 0.184375 0.017188 0.015625
1 0.277344 0.214063 0.026563 0.028125
1 0.339844 0.209375 0.039062 0.040625
1 0.317969 0.189063 0.014063 0.021875
1 0.278906 0.180469 0.010938 0.010938
1 0.366406 0.166406 0.017188 0.014063
1 0.439063 0.185938 0.015625 0.012500
1 0.438281 0.163281 0.010938 0.010938
1 0.467188 0.207813 0.015625 0.015625
1 0.455469 0.171094 0.010938 0.007812
1 0.485938 0.188281 0.012500 0.014063
1 0.516406 0.210156 0.029688 0.029688
1 0.557813 0.189063 0.015625 0.015625
1 0.617969 0.217188 0.014063 0.031250
1 0.601562 0.182813 0.018750 0.015625
0 0.340625 0.165625 0.009375 0.009375
