1 0.014844 0.205469 0.026563 0.032813
1 0.056250 0.189844 0.028125 0.029688
1 0.121094 0.189844 0.029688 0.029688
1 0.180469 0.178906 0.026563 0.026563
1 0.218750 0.187500 0.028125 0.034375
1 0.303125 0.195312 0.028125 0.031250
1 0.316406 0.178906 0.017188 0.035938
1 0.384375 0.183594 0.015625 0.020313
1 0.433594 0.138281 0.032813 0.039062
1 0.545312 0.148438 0.037500 0.037500
1 0.621094 0.158594 0.010938 0.029688
1 0.580469 0.157031 0.029688 0.032813
0 0.400000 0.186719 0.021875 0.029688
0 0.253906 0.206250 0.026563 0.031250
0 0.163281 0.196875 0.029688 0.034375
