1 0.069531 0.235938 0.070312 0.071875
1 0.128906 0.341406 0.076563 0.082813
1 0.198438 0.198438 0.040625 0.043750
1 0.150000 0.200000 0.031250 0.028125
1 0.191406 0.145313 0.029688 0.031250
1 0.262500 0.158594 0.028125 0.039062
1 0.239063 0.144531 0.018750 0.020313
1 0.300000 0.209375 0.043750 0.050000
1 0.389844 0.164062 0.042188 0.050000
1 0.484375 0.146094 0.031250 0.039062
1 0.477344 0.250781 0.057813 0.057813
1 0.538281 0.370313 0.092188 0.084375
1 0.557813 0.158594 0.025000 0.029688
1 0.596094 0.190625 0.029688 0.028125
1 0.600781 0.297656 0.051563 0.089063
1 0.430469 0.175781 0.026563 0.029688
1 0.597656 0.148438 0.023438 0.018750
