1 0.029688 0.104688 0.031250 0.037500
1 0.068750 0.096875 0.037500 0.037500
1 0.173438 0.058594 0.028125 0.035938
1 0.150000 0.134375 0.028125 0.040625
1 0.198438 0.117969 0.031250 0.039062
1 0.249219 0.121875 0.035938 0.040625
1 0.280469 0.091406 0.035938 0.035938
1 0.321094 0.111719 0.035938 0.039062
1 0.357813 0.098438 0.037500 0.040625
1 0.434375 0.109375 0.031250 0.034375
1 0.467969 0.112500 0.026563 0.040625
1 0.525000 0.098438 0.040625 0.043750
1 0.590625 0.093750 0.037500 0.040625
1 0.214844 0.078125 0.032813 0.034375
1 0.619531 0.150000 0.014063 0.031250
