1 0.057031 0.389063 0.039062 0.040625
1 0.138281 0.389063 0.035938 0.040625
1 0.207813 0.402344 0.034375 0.039062
1 0.316406 0.423438 0.042188 0.040625
1 0.497656 0.360938 0.039062 0.034375
1 0.596875 0.392969 0.034375 0.023438
1 0.416406 0.310156 0.035938 0.035938
1 0.532031 0.239063 0.029688 0.028125
1 0.613281 0.267969 0.020313 0.029688
1 0.450781 0.237500 0.023438 0.025000
1 0.340625 0.319531 0.034375 0.032813
1 0.256250 0.303906 0.034375 0.032813
1 0.142187 0.277344 0.018750 0.035938
1 0.118750 0.270313 0.034375 0.037500
1 0.076563 0.268750 0.031250 0.034375
1 0.009375 0.256250 0.015625 0.034375
1 0.014063 0.185156 0.025000 0.020313
1 0.082813 0.184375 0.028125 0.028125
1 0.165625 0.202344 0.025000 0.026563
1 0.215625 0.198438 0.028125 0.028125
1 0.294531 0.226562 0.032813 0.028125
1 0.357813 0.232813 0.031250 0.028125
1 0.603906 0.167188 0.026563 0.028125
1 0.510156 0.150000 0.017188 0.028125
1 0.453125 0.144531 0.025000 0.029688
1 0.407813 0.143750 0.028125 0.021875
1 0.337500 0.118750 0.025000 0.028125
1 0.303125 0.121875 0.021875 0.028125
1 0.234375 0.101562 0.021875 0.028125
1 0.183594 0.109375 0.020313 0.025000
1 0.113281 0.096875 0.020313 0.025000
1 0.054688 0.096094 0.025000 0.029688
1 0.013281 0.091406 0.023438 0.026563
1 0.012500 0.046875 0.018750 0.021875
1 0.074219 0.050000 0.014063 0.021875
1 0.130469 0.067187 0.020313 0.025000
1 0.209375 0.069531 0.018750 0.026563
1 0.303906 0.057031 0.017188 0.026563
1 0.359375 0.071875 0.021875 0.028125
1 0.435938 0.085938 0.021875 0.028125
1 0.493750 0.075781 0.025000 0.029688
1 0.564063 0.091406 0.021875 0.026563
1 0.617188 0.100000 0.015625 0.028125
1 0.510938 0.029688 0.018750 0.021875
1 0.464063 0.033594 0.021875 0.023438
1 0.402344 0.030469 0.020313 0.026563
1 0.375000 0.010938 0.015625 0.018750
1 0.322656 0.028125 0.020313 0.021875
1 0.280469 0.029688 0.020313 0.018750
1 0.238281 0.023438 0.020313 0.021875
1 0.183594 0.015625 0.023438 0.021875
1 0.110938 0.025781 0.015625 0.017188
1 0.070312 0.012500 0.015625 0.021875
