1 0.053906 0.103906 0.026563 0.032813
1 0.104688 0.121875 0.031250 0.028125
1 0.188281 0.090625 0.017188 0.021875
1 0.222656 0.114063 0.029688 0.037500
1 0.232813 0.091406 0.018750 0.023438
1 0.254688 0.107031 0.025000 0.029688
1 0.284375 0.182813 0.031250 0.031250
1 0.271875 0.098438 0.009375 0.021875
1 0.299219 0.105469 0.017188 0.023438
1 0.329688 0.103906 0.018750 0.026563
1 0.350781 0.106250 0.026563 0.031250
1 0.383594 0.117188 0.023438 0.025000
1 0.407031 0.127344 0.023438 0.029688
1 0.446094 0.135938 0.032813 0.031250
1 0.450781 0.083594 0.014063 0.020313
1 0.481250 0.099219 0.021875 0.026563
0 0.504688 0.099219 0.021875 0.023438
1 0.525000 0.096094 0.012500 0.017188
1 0.551563 0.092188 0.025000 0.025000
1 0.586719 0.099219 0.029688 0.029688
