1 0.075000 0.257031 0.043750 0.035938
1 0.155469 0.235156 0.035938 0.039062
1 0.239844 0.344531 0.045313 0.042188
1 0.196094 0.225781 0.029688 0.029688
1 0.224219 0.175000 0.026563 0.028125
2 0.168750 0.153906 0.021875 0.023438
1 0.101562 0.184375 0.021875 0.028125
1 0.094531 0.151563 0.014063 0.018750
1 0.132031 0.134375 0.014063 0.015625
1 0.295313 0.198438 0.040625 0.037500
1 0.332813 0.164844 0.025000 0.029688
1 0.480469 0.194531 0.051563 0.045313
1 0.583594 0.222656 0.023438 0.035938
1 0.391406 0.150000 0.014063 0.028125
1 0.350000 0.109375 0.021875 0.025000
1 0.290625 0.096875 0.018750 0.018750
1 0.196094 0.108594 0.014063 0.020313
1 0.059375 0.142187 0.012500 0.025000
1 0.046875 0.118750 0.012500 0.018750
1 0.095313 0.104688 0.018750 0.021875
1 0.142187 0.089844 0.012500 0.014063
